0 8085
1 8095
2 8105
3 8115
4 8125
5 8135
6 8145
7 8155
8 8165
9 8175
10 8185
11 8195
12 8205
13 8215
14 8225
15 8235
16 8245
17 8255
18 8265
19 8275
20 8285
21 8295
22 8305
23 8315
24 8325
25 8335
26 8345
27 8355
28 8365
29 8375
30 8385
31 8395
32 8405
33 8415
34 8425
35 8435
36 8445
37 8455
38 8465
39 8475
40 8485
41 8495
42 8505
43 8515
44 8525
45 8535
46 8545
47 8555
48 8565
49 8575
50 8585
51 8595
52 8605
53 8615
54 8625
55 8635
56 8645
57 8655
58 8665
59 8675
60 8685
61 8695
62 8705
63 8715
64 8725
65 8735
66 8745
67 8755
68 8765
69 8775
70 8785
71 8795
72 8805
73 8815
74 8825
75 8835
76 8845
77 8855
78 8865
79 8875
80 8885
81 8895
82 8905
83 8915
84 8925
85 8935
86 8945
87 8955
88 8965
89 8975
90 8985
91 8995
92 9005
93 9015
94 9025
95 9035
96 9045
97 9055
98 9065
99 9075
100 9085
101 9095
102 9105
103 9115
104 9125
105 9135
106 9145
107 9155
108 9165
109 9175
110 9185
111 9195
112 9205
113 9215
114 9225
115 9235
116 9245
117 9255
118 9265
119 9275
120 9285
121 9295
122 9305
123 9315
124 9325
125 9335
126 9345
127 9355
128 9365
129 9375
130 9385
131 9395
132 9405
133 9415
134 9425
135 9435
136 9445
137 9455
138 9465
139 9475
140 9485
141 9495
142 9505
143 9515
144 9525
145 9535
146 9545
147 9555
148 9565
149 9575
150 9585
151 9595
152 9605
153 9615
154 9625
155 9635
156 9645
157 9655
158 9665
159 9675
160 9685
161 9695
162 9705
163 9715
164 9725
165 9735
166 9745
167 9755
168 9765
169 9775
170 9785
171 9795
172 9805
173 9815
174 9825
175 9835
176 9845
177 9855
178 9865
179 9875
180 9885
181 9895
182 9905
183 9915
184 9925
185 9935
186 9945
187 9955
188 9965
189 9975
190 9985
191 9995
192 10005
193 10015
194 10025
195 10035
196 10045
197 10055
198 10065
199 10075
200 10085
201 10095
202 10105
203 10115
204 10125
205 10135
206 10145
207 10155
208 10165
209 10175
210 10185
211 10195
212 10205
213 10215
214 10225
215 10235
216 10245
217 10255
218 10265
219 10275
220 10285
221 10295
222 10305
223 10315
224 10325
225 10335
226 10345
227 10355
228 10365
229 10375
230 10385
231 10395
232 10405
233 10415
234 10425
235 10435
236 10445
237 10455
238 10465
239 10475
240 10485
241 10495
242 10505
243 10515
244 10525
245 10535
246 10545
247 10555
248 10565
249 10575
250 10585
251 10595
252 10605
253 10615
254 10625
255 10635
256 10645
257 10655
258 10665
259 10675
260 10685
261 10695
262 10705
263 10715
264 10725
265 10735
266 10745
267 10755
268 10765
269 10775
270 10785
271 10795
272 10805
273 10815
274 10825
275 10835
276 10845
277 10855
278 10865
279 10875
280 10885
281 10895
282 10905
283 10915
284 10925
285 10935
286 10945
287 10955
288 10965
289 10975
290 10985
291 10995
292 11005
293 11015
294 11025
295 11035
296 11045
297 11055
298 11065
299 11075
300 11085
301 11095
302 11105
303 11115
304 11125
305 11135
306 11145
307 11155
308 11165
309 11175
310 11185
311 11195
312 11205
313 11215
314 11225
315 11235
316 11245
317 11255
318 11265
319 11275
320 11285
321 11295
322 11305
323 11315
324 11325
325 11335
326 11345
327 11355
328 11365
329 11375
330 11385
331 11395
332 11405
333 11415
334 11425
335 11435
336 11445
337 11455
338 11465
339 11475
340 11485
341 11495
342 11505
343 11515
344 11525
345 11535
346 11545
347 11555
348 11565
349 11575
350 11585
351 11595
352 11605
353 11615
354 11625
355 11635
356 11645
357 11655
358 11665
359 11675
360 11685
361 11695
362 11705
363 11715
364 11725
365 11735
366 11745
367 11755
368 11765
369 11775
370 11785
371 11795
372 11805
373 11815
374 11825
375 11835
376 11845
377 11855
378 11865
379 11875
380 11885
381 11895
382 11905
383 11915
384 11925
385 11935
386 11945
387 11955
388 11965
389 11975
390 11985
391 11995
392 12005
393 12015
394 12025
395 12035
396 12045
397 12055
398 12065
399 12075
400 12085
401 12095
402 12105
403 12115
404 12125
405 12135
406 12145
407 12155
408 12165
409 12175
410 12185
411 12195
412 12205
413 12215
414 12225
415 12235
416 12245
417 12255
418 12265
419 12275
420 12285
421 12295
422 12305
423 12315
424 12325
425 12335
426 12345
427 12355
428 12365
429 12375
430 12385
431 12395
432 12405
433 12415
434 12425
435 12435
436 12445
437 12455
438 12465
439 12475
440 12485
441 12495
442 12505
443 12515
444 12525
445 12535
446 12545
447 12555
448 12565
449 12575
450 12585
451 12595
452 12605
453 12615
454 12625
455 12635
456 12645
457 12655
458 12665
459 12675
460 12685
461 12695
462 12705
463 12715
464 12725
465 12735
466 12745
467 12755
468 12765
469 12775
470 12785
471 12795
472 12805
473 12815
474 12825
475 12835
476 12845
477 12855
478 12865
479 12875
480 12885
481 12895
482 12905
483 12915
484 12925
485 12935
486 12945
487 12955
488 12965
489 12975
490 12985
491 12995
492 13005
493 13015
494 13025
495 13035
496 13045
497 13055
498 13065
499 13075
500 13085
501 13095
502 13105
503 13115
504 13125
505 13135
506 13145
507 13155
508 13165
509 13175
510 13185
511 13195
512 13205
513 13215
514 13225
515 13235
516 13245
517 13255
518 13265
519 13275
520 13285
521 13295
522 13305
523 13315
524 13325
525 13335
526 13345
527 13355
528 13365
529 13375
530 13385
531 13395
532 13405
533 13415
534 13425
535 13435
536 13445
537 13455
538 13465
539 13475
540 13485
541 13495
542 13505
543 13515
544 13525
545 13535
546 13545
547 13555
548 13565
549 13575
550 13585
551 13595
552 13605
553 13615
554 13625
555 13635
556 13645
557 13655
558 13665
559 13675
560 13685
561 13695
562 13705
563 13715
564 13725
565 13735
566 13745
567 13755
568 13765
569 13775
570 13785
571 13795
572 13805
573 13815
574 13825
575 13835
576 13845
577 13855
578 13865
579 13875
580 13885
581 13895
582 13905
583 13915
584 13925
585 13935
586 13945
587 13955
588 13965
589 13975
590 13985
591 13995
592 14005
593 14015
594 14025
595 14035
596 14045
597 14055
598 14065
599 14075
600 14085
601 14095
602 14105
603 14115
604 14125
605 14135
606 14145
607 14155
608 14165
609 14175
610 14185
611 14195
612 14205
613 14215
614 14225
615 14235
616 14245
617 14255
618 14265
619 14275
620 14285
621 14295
622 14305
623 14315
624 14325
625 14335
626 14345
627 14355
628 14365
629 14375
630 14385
631 14395
632 14405
633 14415
634 14425
635 14435
636 14445
637 14455
638 14465
639 14475
640 14485
641 14495
642 14505
643 14515
644 14525
645 14535
646 14545
647 14555
648 14565
649 14575
650 14585
651 14595
652 14605
653 14615
654 14625
655 14635
656 14645
657 14655
658 14665
659 14675
660 14685
661 14695
662 14705
663 14715
664 14725
665 14735
666 14745
667 14755
668 14765
669 14775
670 14785
671 14795
672 14805
673 14815
674 14825
675 14835
676 14845
677 14855
678 14865
679 14875
680 14885
681 14895
682 14905
683 14915
684 14925
685 14935
686 14945
687 14955
688 14965
689 14975
690 14985
691 14995
692 15005
693 15015
694 15025
695 15035
696 15045
697 15055
698 15065
699 15075
700 15085
701 15095
702 15105
703 15115
704 15125
705 15135
706 15145
707 15155
708 15165
709 15175
710 15185
711 15195
712 15205
713 15215
714 15225
715 15235
716 15245
717 15255
718 15265
719 15275
720 15285
721 15295
722 15305
723 15315
724 15325
725 15335
726 15345
727 15355
728 15365
729 15375
730 15385
731 15395
732 15405
733 15415
734 15425
735 15435
736 15445
737 15455
738 15465
739 15475
740 15485
741 15495
742 15505
743 15515
744 15525
745 15535
746 15545
747 15555
748 15565
749 15575
750 15585
751 15595
752 15605
753 15615
754 15625
755 15635
756 15645
757 15655
758 15665
759 15675
760 15685
761 15695
762 15705
763 15715
764 15725
765 15735
766 15745
767 15755
768 15765
769 15775
770 15785
771 15795
772 15805
773 15815
774 15825
775 15835
776 15845
777 15855
778 15865
779 15875
780 15885
781 15895
782 15905
783 15915
784 15925
785 15935
786 15945
787 15955
788 15965
789 15975
790 15985
791 15995
792 16005
793 16015
794 16025
795 16035
796 16045
797 16055
798 16065
799 16075
800 16085
801 16095
802 16105
803 16115
804 16125
805 16135
806 16145
807 16155
808 16165
809 16175
810 16185
811 16195
812 16205
813 16215
814 16225
815 16235
816 16245
817 16255
818 16265
819 16275
820 16285
821 16295
822 16305
823 16315
824 16325
825 16335
826 16345
827 16355
828 16365
829 16375
830 16385
831 16395
832 16405
833 16415
834 16425
835 16435
836 16445
837 16455
838 16465
839 16475
840 16485
841 16495
842 16505
843 16515
844 16525
845 16535
846 16545
847 16555
848 16565
849 16575
850 16585
851 16595
852 16605
853 16615
854 16625
855 16635
856 16645
857 16655
858 16665
859 16675
860 16685
861 16695
862 16705
863 16715
864 16725
865 16735
866 16745
867 16755
868 16765
869 16775
870 16785
871 16795
872 16805
873 16815
874 16825
875 16835
876 16845
877 16855
878 16865
879 16875
880 16885
881 16895
882 16905
883 16915
884 16925
885 16935
886 16945
887 16955
888 16965
889 16975
890 16985
891 16995
892 17005
893 17015
894 17025
895 17035
896 17045
897 17055
898 17065
899 17075
900 17085
901 17095
902 17105
903 17115
904 17125
905 17135
906 17145
907 17155
908 17165
909 17175
910 17185
911 17195
912 17205
913 17215
914 17225
915 17235
916 17245
917 17255
918 17265
919 17275
920 17285
921 17295
922 17305
923 17315
924 17325
925 17335
926 17345
927 17355
928 17365
929 17375
930 17385
931 17395
932 17405
933 17415
934 17425
935 17435
936 17445
937 17455
938 17465
939 17475
940 17485
941 17495
942 17505
943 17515
944 17525
945 17535
946 17545
947 17555
948 17565
949 17575
950 17585
951 17595
952 17605
953 17615
954 17625
955 17635
956 17645
957 17655
958 17665
959 17675
960 17685
961 17695
962 17705
963 17715
964 17725
965 17735
966 17745
967 17755
968 17765
969 17775
970 17785
971 17795
972 17805
973 17815
974 17825
975 17835
976 17845
977 17855
978 17865
979 17875
980 17885
981 17895
982 17905
983 17915
984 17925
985 17935
986 17945
987 17955
988 17965
989 17975
990 17985
991 17995
992 18005
993 18015
994 18025
995 18035
996 18045
997 18055
998 18065
999 18075
1000 18085
1001 18095
1002 18105
1003 18115
1004 18125
1005 18135
1006 18145
1007 18155
1008 18165
1009 18175
1010 18185
1011 18195
1012 18205
1013 18215
1014 18225
1015 18235
1016 18245
1017 18255
1018 18265
1019 18275
1020 18285
1021 18295
1022 18305
1023 18315
1024 18325
1025 18335
1026 18345
1027 18355
1028 18365
1029 18375
1030 18385
1031 18395
1032 18405
1033 18415
1034 18425
1035 18435
1036 18445
1037 18455
1038 18465
1039 18475
1040 18485
1041 18495
1042 18505
1043 18515
1044 18525
1045 18535
1046 18545
1047 18555
1048 18565
1049 18575
1050 18585
1051 18595
1052 18605
1053 18615
1054 18625
1055 18635
1056 18645
1057 18655
1058 18665
1059 18675
1060 18685
1061 18695
1062 18705
1063 18715
1064 18725
1065 18735
1066 18745
1067 18755
1068 18765
1069 18775
1070 18785
1071 18795
1072 18805
1073 18815
1074 18825
1075 18835
1076 18845
1077 18855
1078 18865
1079 18875
1080 18885
1081 18895
1082 18905
1083 18915
1084 18925
1085 18935
1086 18945
1087 18955
1088 18965
1089 18975
1090 18985
1091 18995
1092 19005
1093 19015
1094 19025
1095 19035
1096 19045
1097 19055
1098 19065
1099 19075
1100 19085
1101 19095
1102 19105
1103 19115
1104 19125
1105 19135
1106 19145
1107 19155
1108 19165
1109 19175
1110 19185
1111 19195
1112 19205
1113 19215
1114 19225
1115 19235
1116 19245
1117 19255
1118 19265
1119 19275
1120 19285
1121 19295
1122 19305
1123 19315
1124 19325
1125 19335
1126 19345
1127 19355
1128 19365
1129 19375
1130 19385
1131 19395
1132 19405
1133 19415
1134 19425
1135 19435
1136 19445
1137 19455
1138 19465
1139 19475
1140 19485
1141 19495
1142 19505
1143 19515
1144 19525
1145 19535
1146 19545
1147 19555
1148 19565
1149 19575
1150 19585
1151 19595
1152 19605
1153 19615
1154 19625
1155 19635
1156 19645
1157 19655
1158 19665
1159 19675
1160 19685
1161 19695
1162 19705
1163 19715
1164 19725
1165 19735
1166 19745
1167 19755
1168 19765
1169 19775
1170 19785
1171 19795
1172 19805
1173 19815
1174 19825
1175 19835
1176 19845
1177 19855
1178 19865
1179 19875
1180 19885
1181 19895
1182 19905
1183 19915
1184 19925
1185 19935
1186 19945
1187 19955
1188 19965
1189 19975
1190 19985
1191 19995
1192 20005
1193 20015
1194 20025
1195 20035
1196 20045
1197 20055
1198 20065
1199 20075
1200 20085
1201 20095
1202 20105
1203 20115
1204 20125
1205 20135
1206 20145
1207 20155
1208 20165
1209 20175
1210 20185
1211 20195
1212 20205
1213 20215
1214 20225
1215 20235
1216 20245
1217 20255
1218 20265
1219 20275
1220 20285
1221 20295
1222 20305
1223 20315
1224 20325
1225 20335
1226 20345
1227 20355
1228 20365
1229 20375
1230 20385
1231 20395
1232 20405
1233 20415
1234 20425
1235 20435
1236 20445
1237 20455
1238 20465
1239 20475
1240 20485
1241 20495
1242 20505
1243 20515
1244 20525
1245 20535
1246 20545
1247 20555
1248 20565
1249 20575
1250 20585
1251 20595
1252 20605
1253 20615
1254 20625
1255 20635
1256 20645
1257 20655
1258 20665
1259 20675
1260 20685
1261 20695
1262 20705
1263 20715
1264 20725
1265 20735
1266 20745
1267 20755
1268 20765
1269 20775
1270 20785
1271 20795
1272 20805
1273 20815
1274 20825
1275 20835
1276 20845
1277 20855
1278 20865
1279 20875
1280 20885
1281 20895
1282 20905
1283 20915
1284 20925
1285 20935
1286 20945
1287 20955
1288 20965
1289 20975
1290 20985
1291 20995
1292 21005
1293 21015
1294 21025
1295 21035
1296 21045
1297 21055
1298 21065
1299 21075
1300 21085
1301 21095
1302 21105
1303 21115
1304 21125
1305 21135
1306 21145
1307 21155
1308 21165
1309 21175
1310 21185
1311 21195
1312 21205
1313 21215
1314 21225
1315 21235
1316 21245
1317 21255
1318 21265
1319 21275
1320 21285
1321 21295
1322 21305
1323 21315
1324 21325
1325 21335
1326 21345
1327 21355
1328 21365
1329 21375
1330 21385
1331 21395
1332 21405
1333 21415
1334 21425
1335 21435
1336 21445
1337 21455
1338 21465
1339 21475
1340 21485
1341 21495
1342 21505
1343 21515
1344 21525
1345 21535
1346 21545
1347 21555
1348 21565
1349 21575
1350 21585
1351 21595
1352 21605
1353 21615
1354 21625
1355 21635
1356 21645
1357 21655
1358 21665
1359 21675
1360 21685
1361 21695
1362 21705
1363 21715
1364 21725
1365 21735
1366 21745
1367 21755
1368 21765
1369 21775
1370 21785
1371 21795
1372 21805
1373 21815
1374 21825
1375 21835
1376 21845
1377 21855
1378 21865
1379 21875
1380 21885
1381 21895
1382 21905
1383 21915
1384 21925
1385 21935
1386 21945
1387 21955
1388 21965
1389 21975
1390 21985
1391 21995
1392 22005
1393 22015
1394 22025
1395 22035
1396 22045
1397 22055
1398 22065
1399 22075
1400 22085
1401 22095
1402 22105
1403 22115
1404 22125
1405 22135
1406 22145
1407 22155
1408 22165
1409 22175
1410 22185
1411 22195
1412 22205
1413 22215
1414 22225
1415 22235
1416 22245
1417 22255
1418 22265
1419 22275
1420 22285
1421 22295
1422 22305
1423 22315
1424 22325
1425 22335
1426 22345
1427 22355
1428 22365
1429 22375
1430 22385
1431 22395
1432 22405
1433 22415
1434 22425
1435 22435
1436 22445
1437 22455
1438 22465
1439 22475
1440 22485
1441 22495
1442 22505
1443 22515
1444 22525
1445 22535
1446 22545
1447 22555
1448 22565
1449 22575
1450 22585
1451 22595
1452 22605
1453 22615
1454 22625
1455 22635
1456 22645
1457 22655
1458 22665
1459 22675
1460 22685
1461 22695
1462 22705
1463 22715
1464 22725
1465 22735
1466 22745
1467 22755
1468 22765
1469 22775
1470 22785
1471 22795
1472 22805
1473 22815
1474 22825
1475 22835
1476 22845
1477 22855
1478 22865
1479 22875
1480 22885
1481 22895
1482 22905
1483 22915
1484 22925
1485 22935
1486 22945
1487 22955
1488 22965
1489 22975
1490 22985
1491 22995
1492 23005
1493 23015
1494 23025
1495 23035
1496 23045
1497 23055
1498 23065
1499 23075
1500 23085
1501 23095
1502 23105
1503 23115
1504 23125
1505 23135
1506 23145
1507 23155
1508 23165
1509 23175
1510 23185
1511 23195
1512 23205
1513 23215
1514 23225
1515 23235
1516 23245
1517 23255
1518 23265
1519 23275
1520 23285
1521 23295
1522 23305
1523 23315
1524 23325
1525 23335
1526 23345
1527 23355
1528 23365
1529 23375
1530 23385
1531 23395
1532 23405
1533 23415
1534 23425
1535 23435
1536 23445
1537 23455
1538 23465
1539 23475
1540 23485
1541 23495
1542 23505
1543 23515
1544 23525
1545 23535
1546 23545
1547 23555
1548 23565
1549 23575
1550 23585
1551 23595
1552 23605
1553 23615
1554 23625
1555 23635
1556 23645
1557 23655
1558 23665
1559 23675
1560 23685
1561 23695
1562 23705
1563 23715
1564 23725
1565 23735
1566 23745
1567 23755
1568 23765
1569 23775
1570 23785
1571 23795
1572 23805
1573 23815
1574 23825
1575 23835
1576 23845
1577 23855
1578 23865
1579 23875
1580 23885
1581 23895
1582 23905
1583 23915
1584 23925
1585 23935
1586 23945
1587 23955
1588 23965
1589 23975
1590 23985
1591 23995
1592 24005
1593 24015
1594 24025
1595 24035
1596 24045
1597 24055
1598 24065
1599 24075
1600 24085
1601 24095
1602 24105
1603 24115
1604 24125
1605 24135
1606 24145
1607 24155
1608 24165
1609 24175
1610 24185
1611 24195
1612 24205
1613 24215
1614 24225
1615 24235
1616 24245
1617 24255
1618 24265
1619 24275
1620 24285
1621 24295
1622 24305
1623 24315
1624 24325
1625 24335
1626 24345
1627 24355
1628 24365
1629 24375
1630 24385
1631 24395
1632 24405
1633 24415
1634 24425
1635 24435
1636 24445
1637 24455
1638 24465
1639 24475
1640 24485
1641 24495
1642 24505
1643 24515
1644 24525
1645 24535
1646 24545
1647 24555
1648 24565
1649 24575
1650 24585
1651 24595
1652 24605
1653 24615
1654 24625
1655 24635
1656 24645
1657 24655
1658 24665
1659 24675
1660 24685
1661 24695
1662 24705
1663 24715
1664 24725
1665 24735
1666 24745
1667 24755
1668 24765
1669 24775
1670 24785
1671 24795
1672 24805
1673 24815
1674 24825
1675 24835
1676 24845
1677 24855
1678 24865
1679 24875
1680 24885
1681 24895
1682 24905
1683 24915
1684 24925
1685 24935
1686 24945
1687 24955
1688 24965
1689 24975
1690 24985
1691 24995
1692 25005
1693 25015
1694 25025
1695 25035
1696 25045
1697 25055
1698 25065
1699 25075
1700 25085
1701 25095
1702 25105
1703 25115
1704 25125
1705 25135
1706 25145
1707 25155
1708 25165
1709 25175
1710 25185
1711 25195
1712 25205
1713 25215
1714 25225
1715 25235
1716 25245
1717 25255
1718 25265
1719 25275
1720 25285
1721 25295
1722 25305
1723 25315
1724 25325
1725 25335
1726 25345
1727 25355
1728 25365
1729 25375
1730 25385
1731 25395
1732 25405
1733 25415
1734 25425
1735 25435
1736 25445
1737 25455
1738 25465
1739 25475
1740 25485
1741 25495
1742 25505
1743 25515
1744 25525
1745 25535
1746 25545
1747 25555
1748 25565
1749 25575
1750 25585
1751 25595
1752 25605
1753 25615
1754 25625
1755 25635
1756 25645
1757 25655
1758 25665
1759 25675
1760 25685
1761 25695
1762 25705
1763 25715
1764 25725
1765 25735
1766 25745
1767 25755
1768 25765
1769 25775
1770 25785
1771 25795
1772 25805
1773 25815
1774 25825
1775 25835
1776 25845
1777 25855
1778 25865
1779 25875
1780 25885
1781 25895
1782 25905
1783 25915
1784 25925
1785 25935
1786 25945
1787 25955
1788 25965
1789 25975
1790 25985
1791 25995
1792 26005
1793 26015
1794 26025
1795 26035
1796 26045
1797 26055
1798 26065
1799 26075
1800 26085
1801 26095
1802 26105
1803 26115
1804 26125
1805 26135
1806 26145
1807 26155
1808 26165
1809 26175
1810 26185
1811 26195
1812 26205
1813 26215
1814 26225
1815 26235
1816 26245
1817 26255
1818 26265
1819 26275
1820 26285
1821 26295
1822 26305
1823 26315
1824 26325
1825 26335
1826 26345
1827 26355
1828 26365
1829 26375
1830 26385
1831 26395
1832 26405
1833 26415
1834 26425
1835 26435
1836 26445
1837 26455
1838 26465
1839 26475
1840 26485
1841 26495
1842 26505
1843 26515
1844 26525
1845 26535
1846 26545
1847 26555
1848 26565
1849 26575
1850 26585
1851 26595
1852 26605
1853 26615
1854 26625
1855 26635
1856 26645
1857 26655
1858 26665
1859 26675
1860 26685
1861 26695
1862 26705
1863 26715
1864 26725
1865 26735
1866 26745
1867 26755
1868 26765
1869 26775
1870 26785
1871 26795
1872 26805
1873 26815
1874 26825
1875 26835
1876 26845
1877 26855
1878 26865
1879 26875
1880 26885
1881 26895
1882 26905
1883 26915
1884 26925
1885 26935
1886 26945
1887 26955
1888 26965
1889 26975
1890 26985
1891 26995
1892 27005
1893 27015
1894 27025
1895 27035
1896 27045
1897 27055
1898 27065
1899 27075
1900 27085
1901 27095
1902 27105
1903 27115
1904 27125
1905 27135
1906 27145
1907 27155
1908 27165
1909 27175
1910 27185
1911 27195
1912 27205
1913 27215
1914 27225
1915 27235
1916 27245
1917 27255
1918 27265
1919 27275
1920 27285
1921 27295
1922 27305
1923 27315
1924 27325
1925 27335
1926 27345
1927 27355
1928 27365
1929 27375
1930 27385
1931 27395
1932 27405
1933 27415
1934 27425
1935 27435
1936 27445
1937 27455
1938 27465
1939 27475
1940 27485
1941 27495
1942 27505
1943 27515
1944 27525
1945 27535
1946 27545
1947 27555
1948 27565
1949 27575
1950 27585
1951 27595
1952 27605
1953 27615
1954 27625
1955 27635
1956 27645
1957 27655
1958 27665
1959 27675
1960 27685
1961 27695
1962 27705
1963 27715
1964 27725
1965 27735
1966 27745
1967 27755
1968 27765
1969 27775
1970 27785
1971 27795
1972 27805
1973 27815
1974 27825
1975 27835
1976 27845
1977 27855
1978 27865
1979 27875
1980 27885
1981 27895
1982 27905
1983 27915
1984 27925
1985 27935
1986 27945
1987 27955
1988 27965
1989 27975
1990 27985
1991 27995
1992 28005
1993 28015
1994 28025
1995 28035
1996 28045
1997 28055
1998 28065
1999 28075
2000 28085
2001 28095
2002 28105
2003 28115
2004 28125
2005 28135
2006 28145
2007 28155
2008 28165
2009 28175
2010 28185
2011 28195
2012 28205
2013 28215
2014 28225
2015 28235
2016 28245
2017 28255
2018 28265
2019 28275
2020 28285
2021 28295
2022 28305
2023 28315
2024 28325
2025 28335
2026 28345
2027 28355
2028 28365
2029 28375
2030 28385
2031 28395
2032 28405
2033 28415
2034 28425
2035 28435
2036 28445
2037 28455
2038 28465
2039 28475
2040 28485
2041 28495
2042 28505
2043 28515
2044 28525
2045 28535
2046 28545
2047 28555
2048 28565
2049 28575
2050 28585
2051 28595
2052 28605
2053 28615
2054 28625
2055 28635
2056 28645
2057 28655
2058 28665
2059 28675
2060 28685
2061 28695
2062 28705
2063 28715
2064 28725
2065 28735
2066 28745
2067 28755
2068 28765
2069 28775
2070 28785
2071 28795
2072 28805
2073 28815
2074 28825
2075 28835
2076 28845
2077 28855
2078 28865
2079 28875
2080 28885
2081 28895
2082 28905
2083 28915
2084 28925
2085 28935
2086 28945
2087 28955
2088 28965
2089 28975
2090 28985
2091 28995
2092 29005
2093 29015
2094 29025
2095 29035
2096 29045
2097 29055
2098 29065
2099 29075
2100 29085
2101 29095
2102 29105
2103 29115
2104 29125
2105 29135
2106 29145
2107 29155
2108 29165
2109 29175
2110 29185
2111 29195
2112 29205
2113 29215
2114 29225
2115 29235
2116 29245
2117 29255
2118 29265
2119 29275
2120 29285
2121 29295
2122 29305
2123 29315
2124 29325
2125 29335
2126 29345
2127 29355
2128 29365
2129 29375
2130 29385
2131 29395
2132 29405
2133 29415
2134 29425
2135 29435
2136 29445
2137 29455
2138 29465
2139 29475
2140 29485
2141 29495
2142 29505
2143 29515
2144 29525
2145 29535
2146 29545
2147 29555
2148 29565
2149 29575
2150 29585
2151 29595
2152 29605
2153 29615
2154 29625
2155 29635
2156 29645
2157 29655
2158 29665
2159 29675
2160 29685
2161 29695
2162 29705
2163 29715
2164 29725
2165 29735
2166 29745
2167 29755
2168 29765
2169 29775
2170 29785
2171 29795
2172 29805
2173 29815
2174 29825
2175 29835
2176 29845
2177 29855
2178 29865
2179 29875
2180 29885
2181 29895
2182 29905
2183 29915
2184 29925
2185 29935
2186 29945
2187 29955
2188 29965
2189 29975
2190 29985
2191 29995
2192 30005
2193 30015
2194 30025
2195 30035
2196 30045
2197 30055
2198 30065
2199 30075
2200 30085
2201 30095
2202 30105
2203 30115
2204 30125
2205 30135
2206 30145
2207 30155
2208 30165
2209 30175
2210 30185
2211 30195
2212 30205
2213 30215
2214 30225
2215 30235
2216 30245
2217 30255
2218 30265
2219 30275
2220 30285
2221 30295
2222 30305
2223 30315
2224 30325
2225 30335
2226 30345
2227 30355
2228 30365
2229 30375
2230 30385
2231 30395
2232 30405
2233 30415
2234 30425
2235 30435
2236 30445
2237 30455
2238 30465
2239 30475
2240 30485
2241 30495
2242 30505
2243 30515
2244 30525
2245 30535
2246 30545
2247 30555
2248 30565
2249 30575
2250 30585
2251 30595
2252 30605
2253 30615
2254 30625
2255 30635
2256 30645
2257 30655
2258 30665
2259 30675
2260 30685
2261 30695
2262 30705
2263 30715
2264 30725
2265 30735
2266 30745
2267 30755
2268 30765
2269 30775
2270 30785
2271 30795
2272 30805
2273 30815
2274 30825
2275 30835
2276 30845
2277 30855
2278 30865
2279 30875
2280 30885
2281 30895
2282 30905
2283 30915
2284 30925
2285 30935
2286 30945
2287 30955
2288 30965
2289 30975
2290 30985
2291 30995
2292 31005
2293 31015
2294 31025
2295 31035
2296 31045
2297 31055
2298 31065
2299 31075
2300 31085
2301 31095
2302 31105
2303 31115
2304 31125
2305 31135
2306 31145
2307 31155
2308 31165
2309 31175
2310 31185
2311 31195
2312 31205
2313 31215
2314 31225
2315 31235
2316 31245
2317 31255
2318 31265
2319 31275
2320 31285
2321 31295
2322 31305
2323 31315
2324 31325
2325 31335
2326 31345
2327 31355
2328 31365
2329 31375
2330 31385
2331 31395
2332 31405
2333 31415
2334 31425
2335 31435
2336 31445
2337 31455
2338 31465
2339 31475
2340 31485
2341 31495
2342 31505
2343 31515
2344 31525
2345 31535
2346 31545
2347 31555
2348 31565
2349 31575
2350 31585
2351 31595
2352 31605
2353 31615
2354 31625
2355 31635
2356 31645
2357 31655
2358 31665
2359 31675
2360 31685
2361 31695
2362 31705
2363 31715
2364 31725
2365 31735
2366 31745
2367 31755
2368 31765
2369 31775
2370 31785
2371 31795
2372 31805
2373 31815
2374 31825
2375 31835
2376 31845
2377 31855
2378 31865
2379 31875
2380 31885
2381 31895
2382 31905
2383 31915
2384 31925
2385 31935
2386 31945
2387 31955
2388 31965
2389 31975
2390 31985
2391 31995
2392 32005
2393 32015
2394 32025
2395 32035
2396 32045
2397 32055
2398 32065
2399 32075
2400 32085
2401 32095
2402 32105
2403 32115
2404 32125
2405 32135
2406 32145
2407 32155
2408 32165
2409 32175
2410 32185
2411 32195
2412 32205
2413 32215
2414 32225
2415 32235
2416 32245
2417 32255
2418 32265
2419 32275
2420 32285
2421 32295
2422 32305
2423 32315
2424 32325
2425 32335
2426 32345
2427 32355
2428 32365
2429 32375
2430 32385
2431 32395
2432 32405
2433 32415
2434 32425
2435 32435
2436 32445
2437 32455
2438 32465
2439 32475
2440 32485
2441 32495
2442 32505
2443 32515
2444 32525
2445 32535
2446 32545
2447 32555
2448 32565
2449 32575
2450 32585
2451 32595
2452 32605
2453 32615
2454 32625
2455 32635
2456 32645
2457 32655
2458 32665
2459 32675
2460 32685
2461 32695
2462 32705
2463 32715
2464 32725
2465 32735
2466 32745
2467 32755
2468 32765
2469 32775
2470 32785
2471 32795
2472 32805
2473 32815
2474 32825
2475 32835
2476 32845
2477 32855
2478 32865
2479 32875
2480 32885
2481 32895
2482 32905
2483 32915
2484 32925
2485 32935
2486 32945
2487 32955
2488 32965
2489 32975
2490 32985
2491 32995
2492 33005
2493 33015
2494 33025
2495 33035
2496 33045
2497 33055
2498 33065
2499 33075
2500 33085
2501 33095
2502 33105
2503 33115
2504 33125
2505 33135
2506 33145
2507 33155
2508 33165
2509 33175
2510 33185
2511 33195
2512 33205
2513 33215
2514 33225
2515 33235
2516 33245
2517 33255
2518 33265
2519 33275
2520 33285
2521 33295
2522 33305
2523 33315
2524 33325
2525 33335
2526 33345
2527 33355
2528 33365
2529 33375
2530 33385
2531 33395
2532 33405
2533 33415
2534 33425
2535 33435
2536 33445
2537 33455
2538 33465
2539 33475
2540 33485
2541 33495
2542 33505
2543 33515
2544 33525
2545 33535
2546 33545
2547 33555
2548 33565
2549 33575
2550 33585
2551 33595
2552 33605
2553 33615
2554 33625
2555 33635
2556 33645
2557 33655
2558 33665
2559 33675
2560 33685
2561 33695
2562 33705
2563 33715
2564 33725
2565 33735
2566 33745
2567 33755
2568 33765
2569 33775
2570 33785
2571 33795
2572 33805
2573 33815
2574 33825
2575 33835
2576 33845
2577 33855
2578 33865
2579 33875
2580 33885
2581 33895
2582 33905
2583 33915
2584 33925
2585 33935
2586 33945
2587 33955
2588 33965
2589 33975
2590 33985
2591 33995
2592 34005
2593 34015
2594 34025
2595 34035
2596 34045
2597 34055
2598 34065
2599 34075
2600 34085
2601 34095
2602 34105
2603 34115
2604 34125
2605 34135
2606 34145
2607 34155
2608 34165
2609 34175
2610 34185
2611 34195
2612 34205
2613 34215
2614 34225
2615 34235
2616 34245
2617 34255
2618 34265
2619 34275
2620 34285
2621 34295
2622 34305
2623 34315
2624 34325
2625 34335
2626 34345
2627 34355
2628 34365
2629 34375
2630 34385
2631 34395
2632 34405
2633 34415
2634 34425
2635 34435
2636 34445
2637 34455
2638 34465
2639 34475
2640 34485
2641 34495
2642 34505
2643 34515
2644 34525
2645 34535
2646 34545
2647 34555
2648 34565
2649 34575
2650 34585
2651 34595
2652 34605
2653 34615
2654 34625
2655 34635
2656 34645
2657 34655
2658 34665
2659 34675
2660 34685
2661 34695
2662 34705
2663 34715
2664 34725
2665 34735
2666 34745
2667 34755
2668 34765
2669 34775
2670 34785
2671 34795
2672 34805
2673 34815
2674 34825
2675 34835
2676 34845
2677 34855
2678 34865
2679 34875
2680 34885
2681 34895
2682 34905
2683 34915
2684 34925
2685 34935
2686 34945
2687 34955
2688 34965
2689 34975
2690 34985
2691 34995
2692 35005
2693 35015
2694 35025
2695 35035
2696 35045
2697 35055
2698 35065
2699 35075
2700 35085
2701 35095
2702 35105
2703 35115
2704 35125
2705 35135
2706 35145
2707 35155
2708 35165
2709 35175
2710 35185
2711 35195
2712 35205
2713 35215
2714 35225
2715 35235
2716 35245
2717 35255
2718 35265
2719 35275
2720 35285
2721 35295
2722 35305
2723 35315
2724 35325
2725 35335
2726 35345
2727 35355
2728 35365
2729 35375
2730 35385
2731 35395
2732 35405
2733 35415
2734 35425
2735 35435
2736 35445
2737 35455
2738 35465
2739 35475
2740 35485
2741 35495
2742 35505
2743 35515
2744 35525
2745 35535
2746 35545
2747 35555
2748 35565
2749 35575
2750 35585
2751 35595
2752 35605
2753 35615
2754 35625
2755 35635
2756 35645
2757 35655
2758 35665
2759 35675
2760 35685
2761 35695
2762 35705
2763 35715
2764 35725
2765 35735
2766 35745
2767 35755
2768 35765
2769 35775
2770 35785
2771 35795
2772 35805
2773 35815
2774 35825
2775 35835
2776 35845
2777 35855
2778 35865
2779 35875
2780 35885
2781 35895
2782 35905
2783 35915
2784 35925
2785 35935
2786 35945
2787 35955
2788 35965
2789 35975
2790 35985
2791 35995
2792 36005
2793 36015
2794 36025
2795 36035
2796 36045
2797 36055
2798 36065
2799 36075
2800 36085
2801 36095
2802 36105
2803 36115
2804 36125
2805 36135
2806 36145
2807 36155
2808 36165
2809 36175
2810 36185
2811 36195
2812 36205
2813 36215
2814 36225
2815 36235
2816 36245
2817 36255
2818 36265
2819 36275
2820 36285
2821 36295
2822 36305
2823 36315
2824 36325
2825 36335
2826 36345
2827 36355
2828 36365
2829 36375
